146,3
146,1
117,4
117,3
117,2
117,1
117,0
116,3
116,2
116,1
116,0
115,3
115,2
115,1
115,0
114,3
114,2
114,1
114,0
112,3
112,2
112,1
112,0
111,3
111,2
111,1
111,0
20,3
20,2
20,1
19,3
19,2
19,1
18,3
18,1
14,3
14,1
13,3
13,1
12,3
12,2
12,1
11,3
11,2
11,1
10,3
10,2
10,1
9,3
9,2
9,1
8,3
8,2
8,1
3,3
3,2
3,1
2,3
2,2
2,1
0,278
0,9
0,0
156,34
156,33
156,32
156,31
156,30
156,29
156,28
156,27
156,26
156,25
156,24
156,23
156,22
156,21
156,20
156,19
156,18
156,17
156,16
156,15
156,14
156,13
156,12
156,11
156,10
156,9
156,8
156,7
